{
 "cells": [
  {
   "cell_type": "code",
   "execution_count": 1,
   "id": "deluxe-sharp",
   "metadata": {},
   "outputs": [
    {
     "name": "stdout",
     "output_type": "stream",
     "text": [
      "['sample_submission.csv', 'sample_submission.csv.zip', 'test.csv', 'test.csv.zip', 'test_answers.csv', 'train.csv', 'train.csv.zip']\n"
     ]
    }
   ],
   "source": [
    "# nullmodel \n",
    "import numpy as np\n",
    "import pandas as pd\n",
    "import os\n",
    "import scipy\n",
    "import matplotlib.pyplot as plt\n",
    "import seaborn as sns\n",
    "for dirname, _, filenames in os.walk('/kaggle/input'):\n",
    "    for filename in filenames:\n",
    "        print(os.path.join(dirname, filename))\n",
    "print(os.listdir(\"C:/Users/KangMin/Desktop/2021 DS/PJ2\"))\n",
    "        \n",
    "test = pd.read_csv(\"C:/Users/KangMin/Desktop/2021 DS/PJ2/test.csv\")\n",
    "submission = pd.read_csv(\"C:/Users/KangMin/Desktop/2021 DS/PJ2/sample_submission.csv\")"
   ]
  },
  {
   "cell_type": "code",
   "execution_count": 2,
   "id": "substantial-hamburg",
   "metadata": {},
   "outputs": [],
   "source": [
    "train = pd.read_csv(\"C:/Users/KangMin/Desktop/2021 DS/PJ2/train.csv\")"
   ]
  },
  {
   "cell_type": "code",
   "execution_count": 3,
   "id": "raising-female",
   "metadata": {},
   "outputs": [],
   "source": [
    "train_roll =train.rolling(40).mean().iloc[100::60]\n",
    "train_roll.reset_index(drop=True, inplace=True)\n"
   ]
  },
  {
   "cell_type": "code",
   "execution_count": 4,
   "id": "forbidden-yeast",
   "metadata": {},
   "outputs": [
    {
     "data": {
      "text/html": [
       "<div>\n",
       "<style scoped>\n",
       "    .dataframe tbody tr th:only-of-type {\n",
       "        vertical-align: middle;\n",
       "    }\n",
       "\n",
       "    .dataframe tbody tr th {\n",
       "        vertical-align: top;\n",
       "    }\n",
       "\n",
       "    .dataframe thead th {\n",
       "        text-align: right;\n",
       "    }\n",
       "</style>\n",
       "<table border=\"1\" class=\"dataframe\">\n",
       "  <thead>\n",
       "    <tr style=\"text-align: right;\">\n",
       "      <th></th>\n",
       "      <th>id</th>\n",
       "      <th>time</th>\n",
       "      <th>s1</th>\n",
       "      <th>s2</th>\n",
       "      <th>s3</th>\n",
       "      <th>s4</th>\n",
       "      <th>s5</th>\n",
       "      <th>s6</th>\n",
       "      <th>s7</th>\n",
       "      <th>s8</th>\n",
       "      <th>s9</th>\n",
       "      <th>s10</th>\n",
       "      <th>s11</th>\n",
       "      <th>s12</th>\n",
       "      <th>s13</th>\n",
       "      <th>s14</th>\n",
       "      <th>s15</th>\n",
       "      <th>s16</th>\n",
       "    </tr>\n",
       "  </thead>\n",
       "  <tbody>\n",
       "    <tr>\n",
       "      <th>id</th>\n",
       "      <td>1.000000</td>\n",
       "      <td>1.000000</td>\n",
       "      <td>-0.225425</td>\n",
       "      <td>-0.399170</td>\n",
       "      <td>0.008332</td>\n",
       "      <td>-0.003473</td>\n",
       "      <td>-0.311450</td>\n",
       "      <td>-0.371605</td>\n",
       "      <td>-0.017055</td>\n",
       "      <td>-0.007038</td>\n",
       "      <td>0.475185</td>\n",
       "      <td>0.367597</td>\n",
       "      <td>0.109704</td>\n",
       "      <td>0.062749</td>\n",
       "      <td>-0.588975</td>\n",
       "      <td>-0.431600</td>\n",
       "      <td>0.102877</td>\n",
       "      <td>0.062617</td>\n",
       "    </tr>\n",
       "    <tr>\n",
       "      <th>time</th>\n",
       "      <td>1.000000</td>\n",
       "      <td>1.000000</td>\n",
       "      <td>-0.225438</td>\n",
       "      <td>-0.399171</td>\n",
       "      <td>0.008318</td>\n",
       "      <td>-0.003487</td>\n",
       "      <td>-0.311466</td>\n",
       "      <td>-0.371620</td>\n",
       "      <td>-0.017068</td>\n",
       "      <td>-0.007052</td>\n",
       "      <td>0.475179</td>\n",
       "      <td>0.367586</td>\n",
       "      <td>0.109691</td>\n",
       "      <td>0.062736</td>\n",
       "      <td>-0.588991</td>\n",
       "      <td>-0.431618</td>\n",
       "      <td>0.102865</td>\n",
       "      <td>0.062605</td>\n",
       "    </tr>\n",
       "    <tr>\n",
       "      <th>s1</th>\n",
       "      <td>-0.225425</td>\n",
       "      <td>-0.225438</td>\n",
       "      <td>1.000000</td>\n",
       "      <td>0.076355</td>\n",
       "      <td>0.468400</td>\n",
       "      <td>0.503260</td>\n",
       "      <td>0.783673</td>\n",
       "      <td>0.842394</td>\n",
       "      <td>0.482600</td>\n",
       "      <td>0.477696</td>\n",
       "      <td>0.621517</td>\n",
       "      <td>0.715590</td>\n",
       "      <td>0.438849</td>\n",
       "      <td>0.511346</td>\n",
       "      <td>0.796151</td>\n",
       "      <td>0.813181</td>\n",
       "      <td>0.358609</td>\n",
       "      <td>0.553186</td>\n",
       "    </tr>\n",
       "    <tr>\n",
       "      <th>s2</th>\n",
       "      <td>-0.399170</td>\n",
       "      <td>-0.399171</td>\n",
       "      <td>0.076355</td>\n",
       "      <td>1.000000</td>\n",
       "      <td>-0.054239</td>\n",
       "      <td>-0.043830</td>\n",
       "      <td>0.152409</td>\n",
       "      <td>0.207358</td>\n",
       "      <td>-0.047541</td>\n",
       "      <td>-0.052115</td>\n",
       "      <td>-0.402274</td>\n",
       "      <td>-0.363186</td>\n",
       "      <td>-0.096225</td>\n",
       "      <td>-0.066325</td>\n",
       "      <td>0.305812</td>\n",
       "      <td>0.185716</td>\n",
       "      <td>-0.091933</td>\n",
       "      <td>-0.070942</td>\n",
       "    </tr>\n",
       "    <tr>\n",
       "      <th>s3</th>\n",
       "      <td>0.008332</td>\n",
       "      <td>0.008318</td>\n",
       "      <td>0.468400</td>\n",
       "      <td>-0.054239</td>\n",
       "      <td>1.000000</td>\n",
       "      <td>0.998938</td>\n",
       "      <td>0.858318</td>\n",
       "      <td>0.762195</td>\n",
       "      <td>0.997234</td>\n",
       "      <td>0.997593</td>\n",
       "      <td>0.488599</td>\n",
       "      <td>0.521760</td>\n",
       "      <td>0.992907</td>\n",
       "      <td>0.994455</td>\n",
       "      <td>0.634285</td>\n",
       "      <td>0.779707</td>\n",
       "      <td>0.987970</td>\n",
       "      <td>0.988479</td>\n",
       "    </tr>\n",
       "    <tr>\n",
       "      <th>s4</th>\n",
       "      <td>-0.003473</td>\n",
       "      <td>-0.003487</td>\n",
       "      <td>0.503260</td>\n",
       "      <td>-0.043830</td>\n",
       "      <td>0.998938</td>\n",
       "      <td>1.000000</td>\n",
       "      <td>0.876650</td>\n",
       "      <td>0.785088</td>\n",
       "      <td>0.997038</td>\n",
       "      <td>0.997330</td>\n",
       "      <td>0.503111</td>\n",
       "      <td>0.540016</td>\n",
       "      <td>0.990691</td>\n",
       "      <td>0.995434</td>\n",
       "      <td>0.658206</td>\n",
       "      <td>0.800686</td>\n",
       "      <td>0.982161</td>\n",
       "      <td>0.991684</td>\n",
       "    </tr>\n",
       "    <tr>\n",
       "      <th>s5</th>\n",
       "      <td>-0.311450</td>\n",
       "      <td>-0.311466</td>\n",
       "      <td>0.783673</td>\n",
       "      <td>0.152409</td>\n",
       "      <td>0.858318</td>\n",
       "      <td>0.876650</td>\n",
       "      <td>1.000000</td>\n",
       "      <td>0.983789</td>\n",
       "      <td>0.872005</td>\n",
       "      <td>0.866800</td>\n",
       "      <td>0.430451</td>\n",
       "      <td>0.520271</td>\n",
       "      <td>0.813971</td>\n",
       "      <td>0.861562</td>\n",
       "      <td>0.925260</td>\n",
       "      <td>0.982740</td>\n",
       "      <td>0.779844</td>\n",
       "      <td>0.878517</td>\n",
       "    </tr>\n",
       "    <tr>\n",
       "      <th>s6</th>\n",
       "      <td>-0.371605</td>\n",
       "      <td>-0.371620</td>\n",
       "      <td>0.842394</td>\n",
       "      <td>0.207358</td>\n",
       "      <td>0.762195</td>\n",
       "      <td>0.785088</td>\n",
       "      <td>0.983789</td>\n",
       "      <td>1.000000</td>\n",
       "      <td>0.779292</td>\n",
       "      <td>0.772084</td>\n",
       "      <td>0.397821</td>\n",
       "      <td>0.497215</td>\n",
       "      <td>0.711291</td>\n",
       "      <td>0.772148</td>\n",
       "      <td>0.959845</td>\n",
       "      <td>0.985997</td>\n",
       "      <td>0.667650</td>\n",
       "      <td>0.795145</td>\n",
       "    </tr>\n",
       "    <tr>\n",
       "      <th>s7</th>\n",
       "      <td>-0.017055</td>\n",
       "      <td>-0.017068</td>\n",
       "      <td>0.482600</td>\n",
       "      <td>-0.047541</td>\n",
       "      <td>0.997234</td>\n",
       "      <td>0.997038</td>\n",
       "      <td>0.872005</td>\n",
       "      <td>0.779292</td>\n",
       "      <td>1.000000</td>\n",
       "      <td>0.999710</td>\n",
       "      <td>0.485268</td>\n",
       "      <td>0.521565</td>\n",
       "      <td>0.986363</td>\n",
       "      <td>0.990835</td>\n",
       "      <td>0.654248</td>\n",
       "      <td>0.795751</td>\n",
       "      <td>0.983450</td>\n",
       "      <td>0.988906</td>\n",
       "    </tr>\n",
       "    <tr>\n",
       "      <th>s8</th>\n",
       "      <td>-0.007038</td>\n",
       "      <td>-0.007052</td>\n",
       "      <td>0.477696</td>\n",
       "      <td>-0.052115</td>\n",
       "      <td>0.997593</td>\n",
       "      <td>0.997330</td>\n",
       "      <td>0.866800</td>\n",
       "      <td>0.772084</td>\n",
       "      <td>0.999710</td>\n",
       "      <td>1.000000</td>\n",
       "      <td>0.490622</td>\n",
       "      <td>0.525398</td>\n",
       "      <td>0.988286</td>\n",
       "      <td>0.991575</td>\n",
       "      <td>0.645046</td>\n",
       "      <td>0.788952</td>\n",
       "      <td>0.985463</td>\n",
       "      <td>0.989349</td>\n",
       "    </tr>\n",
       "    <tr>\n",
       "      <th>s9</th>\n",
       "      <td>0.475185</td>\n",
       "      <td>0.475179</td>\n",
       "      <td>0.621517</td>\n",
       "      <td>-0.402274</td>\n",
       "      <td>0.488599</td>\n",
       "      <td>0.503111</td>\n",
       "      <td>0.430451</td>\n",
       "      <td>0.397821</td>\n",
       "      <td>0.485268</td>\n",
       "      <td>0.490622</td>\n",
       "      <td>1.000000</td>\n",
       "      <td>0.984278</td>\n",
       "      <td>0.539587</td>\n",
       "      <td>0.552601</td>\n",
       "      <td>0.203732</td>\n",
       "      <td>0.372410</td>\n",
       "      <td>0.477541</td>\n",
       "      <td>0.584887</td>\n",
       "    </tr>\n",
       "    <tr>\n",
       "      <th>s10</th>\n",
       "      <td>0.367597</td>\n",
       "      <td>0.367586</td>\n",
       "      <td>0.715590</td>\n",
       "      <td>-0.363186</td>\n",
       "      <td>0.521760</td>\n",
       "      <td>0.540016</td>\n",
       "      <td>0.520271</td>\n",
       "      <td>0.497215</td>\n",
       "      <td>0.521565</td>\n",
       "      <td>0.525398</td>\n",
       "      <td>0.984278</td>\n",
       "      <td>1.000000</td>\n",
       "      <td>0.559755</td>\n",
       "      <td>0.582716</td>\n",
       "      <td>0.323391</td>\n",
       "      <td>0.479297</td>\n",
       "      <td>0.491966</td>\n",
       "      <td>0.617208</td>\n",
       "    </tr>\n",
       "    <tr>\n",
       "      <th>s11</th>\n",
       "      <td>0.109704</td>\n",
       "      <td>0.109691</td>\n",
       "      <td>0.438849</td>\n",
       "      <td>-0.096225</td>\n",
       "      <td>0.992907</td>\n",
       "      <td>0.990691</td>\n",
       "      <td>0.813971</td>\n",
       "      <td>0.711291</td>\n",
       "      <td>0.986363</td>\n",
       "      <td>0.988286</td>\n",
       "      <td>0.539587</td>\n",
       "      <td>0.559755</td>\n",
       "      <td>1.000000</td>\n",
       "      <td>0.995356</td>\n",
       "      <td>0.564372</td>\n",
       "      <td>0.725708</td>\n",
       "      <td>0.993474</td>\n",
       "      <td>0.987663</td>\n",
       "    </tr>\n",
       "    <tr>\n",
       "      <th>s12</th>\n",
       "      <td>0.062749</td>\n",
       "      <td>0.062736</td>\n",
       "      <td>0.511346</td>\n",
       "      <td>-0.066325</td>\n",
       "      <td>0.994455</td>\n",
       "      <td>0.995434</td>\n",
       "      <td>0.861562</td>\n",
       "      <td>0.772148</td>\n",
       "      <td>0.990835</td>\n",
       "      <td>0.991575</td>\n",
       "      <td>0.552601</td>\n",
       "      <td>0.582716</td>\n",
       "      <td>0.995356</td>\n",
       "      <td>1.000000</td>\n",
       "      <td>0.631497</td>\n",
       "      <td>0.781991</td>\n",
       "      <td>0.982778</td>\n",
       "      <td>0.996465</td>\n",
       "    </tr>\n",
       "    <tr>\n",
       "      <th>s13</th>\n",
       "      <td>-0.588975</td>\n",
       "      <td>-0.588991</td>\n",
       "      <td>0.796151</td>\n",
       "      <td>0.305812</td>\n",
       "      <td>0.634285</td>\n",
       "      <td>0.658206</td>\n",
       "      <td>0.925260</td>\n",
       "      <td>0.959845</td>\n",
       "      <td>0.654248</td>\n",
       "      <td>0.645046</td>\n",
       "      <td>0.203732</td>\n",
       "      <td>0.323391</td>\n",
       "      <td>0.564372</td>\n",
       "      <td>0.631497</td>\n",
       "      <td>1.000000</td>\n",
       "      <td>0.968248</td>\n",
       "      <td>0.525202</td>\n",
       "      <td>0.648495</td>\n",
       "    </tr>\n",
       "    <tr>\n",
       "      <th>s14</th>\n",
       "      <td>-0.431600</td>\n",
       "      <td>-0.431618</td>\n",
       "      <td>0.813181</td>\n",
       "      <td>0.185716</td>\n",
       "      <td>0.779707</td>\n",
       "      <td>0.800686</td>\n",
       "      <td>0.982740</td>\n",
       "      <td>0.985997</td>\n",
       "      <td>0.795751</td>\n",
       "      <td>0.788952</td>\n",
       "      <td>0.372410</td>\n",
       "      <td>0.479297</td>\n",
       "      <td>0.725708</td>\n",
       "      <td>0.781991</td>\n",
       "      <td>0.968248</td>\n",
       "      <td>1.000000</td>\n",
       "      <td>0.686410</td>\n",
       "      <td>0.799478</td>\n",
       "    </tr>\n",
       "    <tr>\n",
       "      <th>s15</th>\n",
       "      <td>0.102877</td>\n",
       "      <td>0.102865</td>\n",
       "      <td>0.358609</td>\n",
       "      <td>-0.091933</td>\n",
       "      <td>0.987970</td>\n",
       "      <td>0.982161</td>\n",
       "      <td>0.779844</td>\n",
       "      <td>0.667650</td>\n",
       "      <td>0.983450</td>\n",
       "      <td>0.985463</td>\n",
       "      <td>0.477541</td>\n",
       "      <td>0.491966</td>\n",
       "      <td>0.993474</td>\n",
       "      <td>0.982778</td>\n",
       "      <td>0.525202</td>\n",
       "      <td>0.686410</td>\n",
       "      <td>1.000000</td>\n",
       "      <td>0.972723</td>\n",
       "    </tr>\n",
       "    <tr>\n",
       "      <th>s16</th>\n",
       "      <td>0.062617</td>\n",
       "      <td>0.062605</td>\n",
       "      <td>0.553186</td>\n",
       "      <td>-0.070942</td>\n",
       "      <td>0.988479</td>\n",
       "      <td>0.991684</td>\n",
       "      <td>0.878517</td>\n",
       "      <td>0.795145</td>\n",
       "      <td>0.988906</td>\n",
       "      <td>0.989349</td>\n",
       "      <td>0.584887</td>\n",
       "      <td>0.617208</td>\n",
       "      <td>0.987663</td>\n",
       "      <td>0.996465</td>\n",
       "      <td>0.648495</td>\n",
       "      <td>0.799478</td>\n",
       "      <td>0.972723</td>\n",
       "      <td>1.000000</td>\n",
       "    </tr>\n",
       "  </tbody>\n",
       "</table>\n",
       "</div>"
      ],
      "text/plain": [
       "            id      time        s1        s2        s3        s4        s5  \\\n",
       "id    1.000000  1.000000 -0.225425 -0.399170  0.008332 -0.003473 -0.311450   \n",
       "time  1.000000  1.000000 -0.225438 -0.399171  0.008318 -0.003487 -0.311466   \n",
       "s1   -0.225425 -0.225438  1.000000  0.076355  0.468400  0.503260  0.783673   \n",
       "s2   -0.399170 -0.399171  0.076355  1.000000 -0.054239 -0.043830  0.152409   \n",
       "s3    0.008332  0.008318  0.468400 -0.054239  1.000000  0.998938  0.858318   \n",
       "s4   -0.003473 -0.003487  0.503260 -0.043830  0.998938  1.000000  0.876650   \n",
       "s5   -0.311450 -0.311466  0.783673  0.152409  0.858318  0.876650  1.000000   \n",
       "s6   -0.371605 -0.371620  0.842394  0.207358  0.762195  0.785088  0.983789   \n",
       "s7   -0.017055 -0.017068  0.482600 -0.047541  0.997234  0.997038  0.872005   \n",
       "s8   -0.007038 -0.007052  0.477696 -0.052115  0.997593  0.997330  0.866800   \n",
       "s9    0.475185  0.475179  0.621517 -0.402274  0.488599  0.503111  0.430451   \n",
       "s10   0.367597  0.367586  0.715590 -0.363186  0.521760  0.540016  0.520271   \n",
       "s11   0.109704  0.109691  0.438849 -0.096225  0.992907  0.990691  0.813971   \n",
       "s12   0.062749  0.062736  0.511346 -0.066325  0.994455  0.995434  0.861562   \n",
       "s13  -0.588975 -0.588991  0.796151  0.305812  0.634285  0.658206  0.925260   \n",
       "s14  -0.431600 -0.431618  0.813181  0.185716  0.779707  0.800686  0.982740   \n",
       "s15   0.102877  0.102865  0.358609 -0.091933  0.987970  0.982161  0.779844   \n",
       "s16   0.062617  0.062605  0.553186 -0.070942  0.988479  0.991684  0.878517   \n",
       "\n",
       "            s6        s7        s8        s9       s10       s11       s12  \\\n",
       "id   -0.371605 -0.017055 -0.007038  0.475185  0.367597  0.109704  0.062749   \n",
       "time -0.371620 -0.017068 -0.007052  0.475179  0.367586  0.109691  0.062736   \n",
       "s1    0.842394  0.482600  0.477696  0.621517  0.715590  0.438849  0.511346   \n",
       "s2    0.207358 -0.047541 -0.052115 -0.402274 -0.363186 -0.096225 -0.066325   \n",
       "s3    0.762195  0.997234  0.997593  0.488599  0.521760  0.992907  0.994455   \n",
       "s4    0.785088  0.997038  0.997330  0.503111  0.540016  0.990691  0.995434   \n",
       "s5    0.983789  0.872005  0.866800  0.430451  0.520271  0.813971  0.861562   \n",
       "s6    1.000000  0.779292  0.772084  0.397821  0.497215  0.711291  0.772148   \n",
       "s7    0.779292  1.000000  0.999710  0.485268  0.521565  0.986363  0.990835   \n",
       "s8    0.772084  0.999710  1.000000  0.490622  0.525398  0.988286  0.991575   \n",
       "s9    0.397821  0.485268  0.490622  1.000000  0.984278  0.539587  0.552601   \n",
       "s10   0.497215  0.521565  0.525398  0.984278  1.000000  0.559755  0.582716   \n",
       "s11   0.711291  0.986363  0.988286  0.539587  0.559755  1.000000  0.995356   \n",
       "s12   0.772148  0.990835  0.991575  0.552601  0.582716  0.995356  1.000000   \n",
       "s13   0.959845  0.654248  0.645046  0.203732  0.323391  0.564372  0.631497   \n",
       "s14   0.985997  0.795751  0.788952  0.372410  0.479297  0.725708  0.781991   \n",
       "s15   0.667650  0.983450  0.985463  0.477541  0.491966  0.993474  0.982778   \n",
       "s16   0.795145  0.988906  0.989349  0.584887  0.617208  0.987663  0.996465   \n",
       "\n",
       "           s13       s14       s15       s16  \n",
       "id   -0.588975 -0.431600  0.102877  0.062617  \n",
       "time -0.588991 -0.431618  0.102865  0.062605  \n",
       "s1    0.796151  0.813181  0.358609  0.553186  \n",
       "s2    0.305812  0.185716 -0.091933 -0.070942  \n",
       "s3    0.634285  0.779707  0.987970  0.988479  \n",
       "s4    0.658206  0.800686  0.982161  0.991684  \n",
       "s5    0.925260  0.982740  0.779844  0.878517  \n",
       "s6    0.959845  0.985997  0.667650  0.795145  \n",
       "s7    0.654248  0.795751  0.983450  0.988906  \n",
       "s8    0.645046  0.788952  0.985463  0.989349  \n",
       "s9    0.203732  0.372410  0.477541  0.584887  \n",
       "s10   0.323391  0.479297  0.491966  0.617208  \n",
       "s11   0.564372  0.725708  0.993474  0.987663  \n",
       "s12   0.631497  0.781991  0.982778  0.996465  \n",
       "s13   1.000000  0.968248  0.525202  0.648495  \n",
       "s14   0.968248  1.000000  0.686410  0.799478  \n",
       "s15   0.525202  0.686410  1.000000  0.972723  \n",
       "s16   0.648495  0.799478  0.972723  1.000000  "
      ]
     },
     "execution_count": 4,
     "metadata": {},
     "output_type": "execute_result"
    }
   ],
   "source": [
    "# corr가 최대가 되도록 pull . pull의 결과가 train2, label2   by 세훈님\n",
    "\n",
    "train2 = train.copy()\n",
    "x_cols = ['s'+ str(i) for i in list(range(1,17,1))]\n",
    "train2['s1'] =train2['s1'].shift(periods= -93*50)\n",
    "train2['s2'] =train2['s2'].shift(periods= -89*50)\n",
    "train2['s3'] =train2['s3'].shift(periods= -51*50)\n",
    "train2['s4'] =train2['s4'].shift(periods= -52*50)\n",
    "train2['s5'] =train2['s5'].shift(periods= -43*50)\n",
    "train2['s6'] =train2['s6'].shift(periods= -41*50)\n",
    "train2['s7'] =train2['s7'].shift(periods= -44*50)\n",
    "train2['s8'] =train2['s8'].shift(periods= -44*50)\n",
    "train2['s9'] =train2['s9'].shift(periods= -99*50)\n",
    "train2['s10'] =train2['s10'].shift(periods= -102*50)\n",
    "train2['s11'] =train2['s11'].shift(periods= -55*50)\n",
    "train2['s12'] =train2['s12'].shift(periods= -52*50)\n",
    "train2['s13'] =train2['s13'].shift(periods= -46*50)\n",
    "train2['s14'] =train2['s14'].shift(periods= -45*50)\n",
    "train2['s15'] =train2['s15'].shift(periods= -44*50)\n",
    "train2['s16'] =train2['s16'].shift(periods= -44*50)\n",
    "\n",
    "train2 = train2.dropna( how = \"any\")\n",
    "label2 = train2['label']\n",
    "train2 = train2.drop(['label'], axis=1)\n",
    "train2.corr()"
   ]
  },
  {
   "cell_type": "code",
   "execution_count": 5,
   "id": "fitted-duncan",
   "metadata": {},
   "outputs": [
    {
     "data": {
      "text/plain": [
       "array([[1.        , 0.93871841],\n",
       "       [0.93871841, 1.        ]])"
      ]
     },
     "execution_count": 5,
     "metadata": {},
     "output_type": "execute_result"
    }
   ],
   "source": [
    "# train_new : 선형결합으로 corr 최대화 \n",
    "\n",
    "from sklearn.linear_model import LinearRegression\n",
    "from sklearn.linear_model import Ridge, Lasso, ElasticNet\n",
    "\n",
    "lm_model = LinearRegression()\n",
    "lm_model.fit(train2, label2)\n",
    "train_new = lm_model.predict(train2)\n",
    "\n",
    "np.corrcoef(train_new, label2)"
   ]
  },
  {
   "cell_type": "code",
   "execution_count": 6,
   "id": "located-machine",
   "metadata": {},
   "outputs": [],
   "source": [
    "# 50개씩 묶음\n",
    "train2 =train2.rolling(40).mean().iloc[100::50]\n",
    "label2 =label2.rolling(40).mean().iloc[100::50]"
   ]
  },
  {
   "cell_type": "raw",
   "id": "fatal-paste",
   "metadata": {},
   "source": []
  },
  {
   "cell_type": "code",
   "execution_count": 20,
   "id": "prostate-editing",
   "metadata": {},
   "outputs": [
    {
     "data": {
      "text/html": [
       "<div>\n",
       "<style scoped>\n",
       "    .dataframe tbody tr th:only-of-type {\n",
       "        vertical-align: middle;\n",
       "    }\n",
       "\n",
       "    .dataframe tbody tr th {\n",
       "        vertical-align: top;\n",
       "    }\n",
       "\n",
       "    .dataframe thead th {\n",
       "        text-align: right;\n",
       "    }\n",
       "</style>\n",
       "<table border=\"1\" class=\"dataframe\">\n",
       "  <thead>\n",
       "    <tr style=\"text-align: right;\">\n",
       "      <th></th>\n",
       "      <th>id</th>\n",
       "      <th>time</th>\n",
       "      <th>s1</th>\n",
       "      <th>s2</th>\n",
       "      <th>s3</th>\n",
       "      <th>s4</th>\n",
       "      <th>s5</th>\n",
       "      <th>s6</th>\n",
       "      <th>s7</th>\n",
       "      <th>s8</th>\n",
       "      <th>s9</th>\n",
       "      <th>s10</th>\n",
       "      <th>s11</th>\n",
       "      <th>s12</th>\n",
       "      <th>s13</th>\n",
       "      <th>s14</th>\n",
       "      <th>s15</th>\n",
       "      <th>s16</th>\n",
       "    </tr>\n",
       "  </thead>\n",
       "  <tbody>\n",
       "    <tr>\n",
       "      <th>100</th>\n",
       "      <td>80.5</td>\n",
       "      <td>0.80050</td>\n",
       "      <td>1806.15500</td>\n",
       "      <td>-9.41150</td>\n",
       "      <td>1503.26325</td>\n",
       "      <td>1724.35075</td>\n",
       "      <td>1920.81400</td>\n",
       "      <td>2640.67650</td>\n",
       "      <td>2131.83950</td>\n",
       "      <td>2217.39350</td>\n",
       "      <td>521.45950</td>\n",
       "      <td>634.27675</td>\n",
       "      <td>1949.34650</td>\n",
       "      <td>2110.25350</td>\n",
       "      <td>1302.69350</td>\n",
       "      <td>1265.10425</td>\n",
       "      <td>1979.28200</td>\n",
       "      <td>1912.31475</td>\n",
       "    </tr>\n",
       "    <tr>\n",
       "      <th>150</th>\n",
       "      <td>130.5</td>\n",
       "      <td>1.30200</td>\n",
       "      <td>1799.77000</td>\n",
       "      <td>-8.21275</td>\n",
       "      <td>1504.82150</td>\n",
       "      <td>1723.01400</td>\n",
       "      <td>1912.09575</td>\n",
       "      <td>2627.15800</td>\n",
       "      <td>2129.81950</td>\n",
       "      <td>2210.02850</td>\n",
       "      <td>519.41950</td>\n",
       "      <td>630.57050</td>\n",
       "      <td>1945.50075</td>\n",
       "      <td>2103.26225</td>\n",
       "      <td>1298.05500</td>\n",
       "      <td>1259.01475</td>\n",
       "      <td>1977.60775</td>\n",
       "      <td>1906.73500</td>\n",
       "    </tr>\n",
       "    <tr>\n",
       "      <th>200</th>\n",
       "      <td>180.5</td>\n",
       "      <td>1.80200</td>\n",
       "      <td>1794.86600</td>\n",
       "      <td>-9.69175</td>\n",
       "      <td>1505.92775</td>\n",
       "      <td>1719.41100</td>\n",
       "      <td>1902.88825</td>\n",
       "      <td>2610.73225</td>\n",
       "      <td>2122.39950</td>\n",
       "      <td>2194.40700</td>\n",
       "      <td>517.76700</td>\n",
       "      <td>625.71775</td>\n",
       "      <td>1940.19025</td>\n",
       "      <td>2100.74225</td>\n",
       "      <td>1294.68600</td>\n",
       "      <td>1253.67150</td>\n",
       "      <td>1972.42400</td>\n",
       "      <td>1901.07275</td>\n",
       "    </tr>\n",
       "    <tr>\n",
       "      <th>250</th>\n",
       "      <td>230.5</td>\n",
       "      <td>2.30200</td>\n",
       "      <td>1788.76025</td>\n",
       "      <td>-8.73200</td>\n",
       "      <td>1501.70125</td>\n",
       "      <td>1717.87725</td>\n",
       "      <td>1892.47400</td>\n",
       "      <td>2596.76175</td>\n",
       "      <td>2115.71675</td>\n",
       "      <td>2185.02525</td>\n",
       "      <td>518.05200</td>\n",
       "      <td>624.46350</td>\n",
       "      <td>1933.87500</td>\n",
       "      <td>2092.59250</td>\n",
       "      <td>1287.44375</td>\n",
       "      <td>1245.59025</td>\n",
       "      <td>1967.91300</td>\n",
       "      <td>1895.77825</td>\n",
       "    </tr>\n",
       "    <tr>\n",
       "      <th>300</th>\n",
       "      <td>280.5</td>\n",
       "      <td>2.80200</td>\n",
       "      <td>1783.29025</td>\n",
       "      <td>-10.08850</td>\n",
       "      <td>1498.66200</td>\n",
       "      <td>1714.31425</td>\n",
       "      <td>1880.02375</td>\n",
       "      <td>2581.80950</td>\n",
       "      <td>2104.95975</td>\n",
       "      <td>2168.91250</td>\n",
       "      <td>513.74100</td>\n",
       "      <td>624.01800</td>\n",
       "      <td>1932.73300</td>\n",
       "      <td>2087.68150</td>\n",
       "      <td>1284.91400</td>\n",
       "      <td>1242.74075</td>\n",
       "      <td>1961.81925</td>\n",
       "      <td>1890.28500</td>\n",
       "    </tr>\n",
       "    <tr>\n",
       "      <th>...</th>\n",
       "      <td>...</td>\n",
       "      <td>...</td>\n",
       "      <td>...</td>\n",
       "      <td>...</td>\n",
       "      <td>...</td>\n",
       "      <td>...</td>\n",
       "      <td>...</td>\n",
       "      <td>...</td>\n",
       "      <td>...</td>\n",
       "      <td>...</td>\n",
       "      <td>...</td>\n",
       "      <td>...</td>\n",
       "      <td>...</td>\n",
       "      <td>...</td>\n",
       "      <td>...</td>\n",
       "      <td>...</td>\n",
       "      <td>...</td>\n",
       "      <td>...</td>\n",
       "    </tr>\n",
       "    <tr>\n",
       "      <th>3361300</th>\n",
       "      <td>3361280.5</td>\n",
       "      <td>33617.76575</td>\n",
       "      <td>1545.05800</td>\n",
       "      <td>-3.81950</td>\n",
       "      <td>5372.83725</td>\n",
       "      <td>5787.97350</td>\n",
       "      <td>1818.61650</td>\n",
       "      <td>2034.46600</td>\n",
       "      <td>6099.52975</td>\n",
       "      <td>6501.39225</td>\n",
       "      <td>1124.79700</td>\n",
       "      <td>1141.32050</td>\n",
       "      <td>6233.30875</td>\n",
       "      <td>4827.49575</td>\n",
       "      <td>835.54450</td>\n",
       "      <td>976.44775</td>\n",
       "      <td>7062.70975</td>\n",
       "      <td>5162.82750</td>\n",
       "    </tr>\n",
       "    <tr>\n",
       "      <th>3361350</th>\n",
       "      <td>3361330.5</td>\n",
       "      <td>33618.26575</td>\n",
       "      <td>1543.52400</td>\n",
       "      <td>-4.74725</td>\n",
       "      <td>5370.26825</td>\n",
       "      <td>5779.91825</td>\n",
       "      <td>1820.74100</td>\n",
       "      <td>2033.76950</td>\n",
       "      <td>6099.37075</td>\n",
       "      <td>6496.31400</td>\n",
       "      <td>1121.71625</td>\n",
       "      <td>1139.49400</td>\n",
       "      <td>6228.61650</td>\n",
       "      <td>4829.77400</td>\n",
       "      <td>836.23950</td>\n",
       "      <td>976.18750</td>\n",
       "      <td>7059.34450</td>\n",
       "      <td>5161.79825</td>\n",
       "    </tr>\n",
       "    <tr>\n",
       "      <th>3361400</th>\n",
       "      <td>3361380.5</td>\n",
       "      <td>33618.76575</td>\n",
       "      <td>1546.13425</td>\n",
       "      <td>-3.15100</td>\n",
       "      <td>5367.63850</td>\n",
       "      <td>5782.39650</td>\n",
       "      <td>1824.23800</td>\n",
       "      <td>2033.54725</td>\n",
       "      <td>6100.17950</td>\n",
       "      <td>6496.36950</td>\n",
       "      <td>1127.70900</td>\n",
       "      <td>1140.56575</td>\n",
       "      <td>6225.21800</td>\n",
       "      <td>4820.83825</td>\n",
       "      <td>832.67825</td>\n",
       "      <td>978.02050</td>\n",
       "      <td>7056.52600</td>\n",
       "      <td>5158.35675</td>\n",
       "    </tr>\n",
       "    <tr>\n",
       "      <th>3361450</th>\n",
       "      <td>3361430.5</td>\n",
       "      <td>33619.26575</td>\n",
       "      <td>1543.95475</td>\n",
       "      <td>-6.08025</td>\n",
       "      <td>5364.69900</td>\n",
       "      <td>5776.86900</td>\n",
       "      <td>1820.59750</td>\n",
       "      <td>2032.09700</td>\n",
       "      <td>6099.87875</td>\n",
       "      <td>6491.83100</td>\n",
       "      <td>1125.20425</td>\n",
       "      <td>1142.27625</td>\n",
       "      <td>6220.72575</td>\n",
       "      <td>4820.58950</td>\n",
       "      <td>836.75400</td>\n",
       "      <td>978.10350</td>\n",
       "      <td>7053.16500</td>\n",
       "      <td>5157.52400</td>\n",
       "    </tr>\n",
       "    <tr>\n",
       "      <th>3361500</th>\n",
       "      <td>3361480.5</td>\n",
       "      <td>33619.76575</td>\n",
       "      <td>1543.03950</td>\n",
       "      <td>-5.24925</td>\n",
       "      <td>5358.64675</td>\n",
       "      <td>5769.68125</td>\n",
       "      <td>1819.77250</td>\n",
       "      <td>2031.46775</td>\n",
       "      <td>6094.22550</td>\n",
       "      <td>6490.04475</td>\n",
       "      <td>1124.40000</td>\n",
       "      <td>1141.42550</td>\n",
       "      <td>6221.77200</td>\n",
       "      <td>4816.45950</td>\n",
       "      <td>836.69325</td>\n",
       "      <td>977.87450</td>\n",
       "      <td>7053.24725</td>\n",
       "      <td>5159.42075</td>\n",
       "    </tr>\n",
       "  </tbody>\n",
       "</table>\n",
       "<p>67229 rows × 18 columns</p>\n",
       "</div>"
      ],
      "text/plain": [
       "                id         time          s1        s2          s3          s4  \\\n",
       "100           80.5      0.80050  1806.15500  -9.41150  1503.26325  1724.35075   \n",
       "150          130.5      1.30200  1799.77000  -8.21275  1504.82150  1723.01400   \n",
       "200          180.5      1.80200  1794.86600  -9.69175  1505.92775  1719.41100   \n",
       "250          230.5      2.30200  1788.76025  -8.73200  1501.70125  1717.87725   \n",
       "300          280.5      2.80200  1783.29025 -10.08850  1498.66200  1714.31425   \n",
       "...            ...          ...         ...       ...         ...         ...   \n",
       "3361300  3361280.5  33617.76575  1545.05800  -3.81950  5372.83725  5787.97350   \n",
       "3361350  3361330.5  33618.26575  1543.52400  -4.74725  5370.26825  5779.91825   \n",
       "3361400  3361380.5  33618.76575  1546.13425  -3.15100  5367.63850  5782.39650   \n",
       "3361450  3361430.5  33619.26575  1543.95475  -6.08025  5364.69900  5776.86900   \n",
       "3361500  3361480.5  33619.76575  1543.03950  -5.24925  5358.64675  5769.68125   \n",
       "\n",
       "                 s5          s6          s7          s8          s9  \\\n",
       "100      1920.81400  2640.67650  2131.83950  2217.39350   521.45950   \n",
       "150      1912.09575  2627.15800  2129.81950  2210.02850   519.41950   \n",
       "200      1902.88825  2610.73225  2122.39950  2194.40700   517.76700   \n",
       "250      1892.47400  2596.76175  2115.71675  2185.02525   518.05200   \n",
       "300      1880.02375  2581.80950  2104.95975  2168.91250   513.74100   \n",
       "...             ...         ...         ...         ...         ...   \n",
       "3361300  1818.61650  2034.46600  6099.52975  6501.39225  1124.79700   \n",
       "3361350  1820.74100  2033.76950  6099.37075  6496.31400  1121.71625   \n",
       "3361400  1824.23800  2033.54725  6100.17950  6496.36950  1127.70900   \n",
       "3361450  1820.59750  2032.09700  6099.87875  6491.83100  1125.20425   \n",
       "3361500  1819.77250  2031.46775  6094.22550  6490.04475  1124.40000   \n",
       "\n",
       "                s10         s11         s12         s13         s14  \\\n",
       "100       634.27675  1949.34650  2110.25350  1302.69350  1265.10425   \n",
       "150       630.57050  1945.50075  2103.26225  1298.05500  1259.01475   \n",
       "200       625.71775  1940.19025  2100.74225  1294.68600  1253.67150   \n",
       "250       624.46350  1933.87500  2092.59250  1287.44375  1245.59025   \n",
       "300       624.01800  1932.73300  2087.68150  1284.91400  1242.74075   \n",
       "...             ...         ...         ...         ...         ...   \n",
       "3361300  1141.32050  6233.30875  4827.49575   835.54450   976.44775   \n",
       "3361350  1139.49400  6228.61650  4829.77400   836.23950   976.18750   \n",
       "3361400  1140.56575  6225.21800  4820.83825   832.67825   978.02050   \n",
       "3361450  1142.27625  6220.72575  4820.58950   836.75400   978.10350   \n",
       "3361500  1141.42550  6221.77200  4816.45950   836.69325   977.87450   \n",
       "\n",
       "                s15         s16  \n",
       "100      1979.28200  1912.31475  \n",
       "150      1977.60775  1906.73500  \n",
       "200      1972.42400  1901.07275  \n",
       "250      1967.91300  1895.77825  \n",
       "300      1961.81925  1890.28500  \n",
       "...             ...         ...  \n",
       "3361300  7062.70975  5162.82750  \n",
       "3361350  7059.34450  5161.79825  \n",
       "3361400  7056.52600  5158.35675  \n",
       "3361450  7053.16500  5157.52400  \n",
       "3361500  7053.24725  5159.42075  \n",
       "\n",
       "[67229 rows x 18 columns]"
      ]
     },
     "execution_count": 20,
     "metadata": {},
     "output_type": "execute_result"
    }
   ],
   "source": []
  },
  {
   "cell_type": "code",
   "execution_count": 7,
   "id": "light-cookie",
   "metadata": {},
   "outputs": [
    {
     "data": {
      "text/plain": [
       "array([[1.        , 0.94099685],\n",
       "       [0.94099685, 1.        ]])"
      ]
     },
     "execution_count": 7,
     "metadata": {},
     "output_type": "execute_result"
    }
   ],
   "source": [
    "# 묶으니 조금 더 결과 잘 나옴. Lasso, Ridge, Elasticnet은 더 결과 안좋음. train_new가 현재 최종\n",
    "lm_model = LinearRegression()\n",
    "lm_model.fit(train2, label2)\n",
    "train_new = lm_model.predict(train2)\n",
    "np.corrcoef(train_new, label2)"
   ]
  },
  {
   "cell_type": "code",
   "execution_count": 8,
   "id": "continent-organizer",
   "metadata": {},
   "outputs": [],
   "source": [
    "\n",
    "label2.reset_index(drop=True, inplace=True)"
   ]
  },
  {
   "cell_type": "code",
   "execution_count": 25,
   "id": "referenced-scanning",
   "metadata": {},
   "outputs": [],
   "source": [
    "train2.reset_index(drop=True, inplace=True)"
   ]
  },
  {
   "cell_type": "code",
   "execution_count": 26,
   "id": "amended-shipping",
   "metadata": {},
   "outputs": [
    {
     "data": {
      "text/html": [
       "<div>\n",
       "<style scoped>\n",
       "    .dataframe tbody tr th:only-of-type {\n",
       "        vertical-align: middle;\n",
       "    }\n",
       "\n",
       "    .dataframe tbody tr th {\n",
       "        vertical-align: top;\n",
       "    }\n",
       "\n",
       "    .dataframe thead th {\n",
       "        text-align: right;\n",
       "    }\n",
       "</style>\n",
       "<table border=\"1\" class=\"dataframe\">\n",
       "  <thead>\n",
       "    <tr style=\"text-align: right;\">\n",
       "      <th></th>\n",
       "      <th>id</th>\n",
       "      <th>time</th>\n",
       "      <th>s1</th>\n",
       "      <th>s2</th>\n",
       "      <th>s3</th>\n",
       "      <th>s4</th>\n",
       "      <th>s5</th>\n",
       "      <th>s6</th>\n",
       "      <th>s7</th>\n",
       "      <th>s8</th>\n",
       "      <th>s9</th>\n",
       "      <th>s10</th>\n",
       "      <th>s11</th>\n",
       "      <th>s12</th>\n",
       "      <th>s13</th>\n",
       "      <th>s14</th>\n",
       "      <th>s15</th>\n",
       "      <th>s16</th>\n",
       "      <th>label</th>\n",
       "    </tr>\n",
       "  </thead>\n",
       "  <tbody>\n",
       "    <tr>\n",
       "      <th>0</th>\n",
       "      <td>80.5</td>\n",
       "      <td>0.80050</td>\n",
       "      <td>1806.15500</td>\n",
       "      <td>-9.41150</td>\n",
       "      <td>1503.26325</td>\n",
       "      <td>1724.35075</td>\n",
       "      <td>1920.81400</td>\n",
       "      <td>2640.67650</td>\n",
       "      <td>2131.83950</td>\n",
       "      <td>2217.39350</td>\n",
       "      <td>521.45950</td>\n",
       "      <td>634.27675</td>\n",
       "      <td>1949.34650</td>\n",
       "      <td>2110.25350</td>\n",
       "      <td>1302.69350</td>\n",
       "      <td>1265.10425</td>\n",
       "      <td>1979.28200</td>\n",
       "      <td>1912.31475</td>\n",
       "      <td>0.0</td>\n",
       "    </tr>\n",
       "    <tr>\n",
       "      <th>1</th>\n",
       "      <td>130.5</td>\n",
       "      <td>1.30200</td>\n",
       "      <td>1799.77000</td>\n",
       "      <td>-8.21275</td>\n",
       "      <td>1504.82150</td>\n",
       "      <td>1723.01400</td>\n",
